PADDLE 700 550
BALL 545.598 248 -2.4 -4
BLOCKS_COUNT 39
5 50 3
104.25 50 3
203.5 50 3
302.75 50 3
402 50 3
501.25 50 3
600.5 50 3
699.75 50 3
5 79 2
104.25 79 2
203.5 79 2
302.75 79 2
402 79 2
501.25 79 2
600.5 79 2
699.75 79 2
5 108 2
104.25 108 2
203.5 108 2
302.75 108 2
402 108 2
501.25 108 2
600.5 108 2
699.75 108 2
5 137 1
104.25 137 1
203.5 137 1
302.75 137 1
402 137 1
501.25 137 1
600.5 137 1
699.75 137 1
5 166 1
104.25 166 1
203.5 166 1
302.75 166 1
402 166 1
600.5 166 1
699.75 166 1
